1000
-5280 19278 -13523 8066 -27970 22454 -4836 10696 3244 -18255 -17685 -31700 23039 31551 -32441 -29839 -17503 -15566 -15462 9796 -10613 -22508 -12918 14628 -19438 17832 19337 -24001 23034 26298 -14081 20372 973 19963 -1925 -26488 8738 -6887 -24959 -15916 -27827 -25634 14750 -24276 16578 -12784 -9044 2424 30611 2235 12121 1412 19696 -913 -23078 -1094 -21924 32419
-2683 4980 1536 -20935 -8154 8099 -18521 6903 -4362 -1745 -9096 6352 -6804 15068 29032 -5396 -32073 29704 9564 -24361 19642 29566 -8902 22168 -19903 21959 -9105 1422 25841 -30037 -11944 19294 -5423 -23802 -7805 5885 -3613 19055 14211 12676 19104 16590 -20148 -6322 -16228 -11033 12 -26983 -6486 -3761 -29964 23083 3114 -19935 -15160 17829 12502 31311 -10905 17700 29717 -14224 -23611 23321 -5350 -11669 12464 11674 -13066 2871 -26252 20705 -28041 6320 -16615 -8652 -4397 -23074 15838
-12379 22278 16910 -23826 14900 13028 -29661 30247 13602 -12768 -5723 8006 27026 26836 -13879 -9116 7444 29406 -14468 2521 -19680 -32737 -23867 10930 -30799 29444 20918 22368 -31582 4401 21303 4126 -31022 -16279 24927 -19118 22150 -21033 -183 -18645 17488 27165 -3371 32474 -23064 25709 -7306 -2572 -16528 22617 -28935 -14137 -27663 -9699 -31675 6455 26381 -5202
-28449 12127 11432 175 -24984 7181 -4898 7243 -32741 27425 -18017 -15160 20398 26753 -21101 -13003 -512 1685 -15862 18464 21961 -21705 13516 -11926 -2655 -1551 16997 -5711 25080 -1882 7259 -19121 -13359 -9764 -31978 24808 -4230 18153 3446 -30305 -28894 11178 -24835 32593 31745 -19051 -32444 9516 -22552 -13237 -31853 -13614 -3381 -2325 -10504 -7893 30667 -923 -18212 613 -19248 2652 22393 -20323 9250 -22768 -29541 -29466 11072 13812 14186 -5914 -18316 -14729 15790 -28596 -24815 -9172 -10362 6783 -12981 -17276 -15548 3286 -11789 27695 3205 -4695 27787 32029 -12683 23397 -12966 30587 -6055 -7079 -569 -9474 -22360 -14471 15622 20077 -8255 -1973 22318 -511 -13217 -7585 6587 -27130 28392 -11268 -29974 13097 -26147 -28760 -25489 855 3713 12891 23519 32726 30938 -21136 21399 -25593 7206 -26814 -20917 10138 -12291 29295 -4376 13717 5940 4465 13061 -12874 -23068 23129 -418 21023 12615 13052 -17020 -16380 -8162 16628 6402 -5070 7742 -26657 -30983 -22789 -21585 22821 -10564 -9493 -25653 12262 21972 15864 -17575 8720 12983 -20650 11145 15761 11855 14252 2144 14107 -13286 -20867 -3798 -18597 -32294 26422 -20794 8170 -31135 8915 27387 23785 -14148 5610 -15153 8292 -28398 -20495 -12052 -10849 4568 1373 7299
2220 27938 17646 -11390 -21842 23630 16228 -21932 1319 -3014 -7524 26326 17985 19284 26133 -8553 28283 28840 30118 25593
-31220 18901 965 25785 -6541 8148 -14888 31747 20846 18688 23304 -32471 -10114 19353 -30624 10579 -25078 4161 14003 6464
-21950 -9346 -11012 -22661 -17680 3398 14812 30642 19942 10589 -4487 -14454 -26752 -9211 -12246 18473 30177 30519 -30879
2627 -24142 -32397 23609 29411 -16338 6492 3585 29001 -11452 23913 -19160 -27228 -31262 -22874 -12194 17189 7760 26428 -8136 31570 8044 -3838 15286 22452 4560 -30964 -26462 7361 -9886 -28757 -24756 22803 -19007 -30141 -26160 -16359 -21212 25004 27984 -5023 16100 5892 -26899 -8257 905 -17807 8318 -17909 -27459 -15479 5402 -5003 -1099 -19660 31092 -28914 -7969 15362 -14236 22978 23815 18032 -1959 -10163 -20099 12754 5678 -27940 8673 -28616 15052 -24469 25006 20564 16036 -21037 -17214 -17504 13016 16438 -1320 -12342 22291 26523 24005 -19974 -4096 29553 -31156 8292 28113 13931 -2649 29895 -17081 -30052 -25689 -30219 18802 16857 11808 -20208 23480 25708 -7771 -23705 -14539 -22371 19070 -28941 -23537 -20774 1343 9657 25330 24261 19737 15852 -1179 3695 19146 6490 5947 10748 24534 -13978 10025 -357 -17665 -17832 -7484 -17734 -14553 -19044 30033 -29027 15914 -20241 1225 -18208 27272 -9943 20744 -22535 -17609 16449 30199 -8262 13191 1983 7299 12590 31650 23077 -284 27574 -20156 1834 2615 -19189 27068 25578 -28364 -16044 17228 28005 -27865 -5562 19035 31486 -4061 30885 13468 252 1885 29720 23812 25356 3427 4960 -12880 -22206 -23802 2797 13693 22020 14515 29399 -2125 -8630 291 -4439 -3017 21520 23395 13641 -3770 818 26511 8369 -3119 -29599 1863 -819 31226 -23230 -13361 -1177 -10034 -12636 -26229 -24401 10930 5673 -2879 2797 -24985 16439 2881 -30369 32201 382 -24878 21448 9320 22874 -16448 28767 7266 -5899 -19123 -8585 3300 -3124 -22600 15881 19426 20316 -19651 -10443 15507 -3697 -32365 27484 -15856 28992 11410 -24684 -10552 3070 -1540 -28243 24686 -25026 -16279 -20874 -27865 -30472 -15011 30510 -11652 -29744 15237 -26496 -5564 22525 12318 -16488 31637 -14871 -1619 16365 -30309
-7561 -4747 -24254 -19783 -21315 -1588 -31404 30105 27801 -30270 -4398 8574 15811 29086 2524 -24157 -28763 10188 -4340 17248 -9698 8006 472 12278 -10811 31755 -24974 6738 -13870 22049 26943 28138 16870 8207 8376 31224 26483 -7524 -2284 28668
-21833 -26926 -22128 -29240 -20672 -3203 -15358 -12851 18578 -9468 -17651 -7991 30560 6965 16337 9427 5677 -26958 -14525
31065 -7905 29037 1025 31841 7879 25658 -22667 9540 -6415 14178 31341 418 31053 11284 30043 -17373 -5625 -25991 26416 -24987 -17133 3954 23146 -16968 29674 5266 -12457 32145 -28435 25896 7476 10731 -3952 19832 -12148 -15114 -5996 -23627 -28022 28778 4951 22894 32366 -21450 -19430 19505 -25903 -18347 18606 4585 -19123 -9685 -25260 -1134 -22681 28115 26304 12445
9122 -882 -18477 -7384 -9779 -32070 -25371 8065 -19159 806 -20246 17794 1722 -15530 16780 -18632 -1070 20404 82 5828 -23850 28388 -25631 26345 26054 30754 27408 -24880 -1729 -8984 -23331 -21655 10235 -16310 -29884 32157 -11003 1196 13603 23752 30058 -28147 -10499 7456 2965 -11077 20205 2737 15088 -7840 2515 6413 -21646 27335 9101 -31175 30633 -4545 24408 -17145 27680 -9048 -7250 9663 -3316 31643 2047 -13498 -17099 -4445 -24775 -14990 3693 21683 18549 -8292 9033 7546 9914 25704 4593 10703 -7080 8268 666 -11413 -567 8132 -32669 27634 708 1800 20472 28626 13709 -2389 25038 16483 -21814 12140 -17635 13463 327 11793 13601 -20645 4267 -19598 -13589 -13449 29747 -23342 -14451 6783 10513 -14786 24206 -25996 -15198 28191 -15585 -16373 -22676 -19101 14729 18886 -29204 9370 30152 22349 -28577 -6901 18563 16284 -29155 -27795 -18628 15114 9446 -24286 -26682 -20914 -8856 13377 -7604 -23026 25935 12974 8106 -1774 -19008 14872 -11956 -1803 -9225 -27384 28689 12917 23848